,cities,lat,long,max_fahrenheit,humidity,cloudiness,wind_speed,country,date
0,Avarua,-21.21,-159.78,78.8,78,23,25.28,CK,1601425255
1,Noumea,-22.28,166.46,75.2,50,75,20.8,NC,1601425690
2,Chui,-33.7,-53.46,52.38,79,20,7.14,UY,1601425314
3,Vaini,-21.2,-175.2,80.6,83,90,14.99,TO,1601425692
4,Port Hardy,50.7,-127.42,66.2,77,20,1.86,CA,1601425692
5,Kapaa,22.08,-159.32,86.0,66,1,10.29,US,1601425693
6,Ambilobe,-13.2,49.05,69.91,91,5,2.33,MG,1601425693
7,Hong Kong,22.29,114.16,84.0,87,24,1.01,HK,1601424955
8,Coquimbo,-29.95,-71.34,53.6,76,1,6.93,CL,1601425678
9,Marovoay,-16.1,46.63,71.6,88,20,5.82,MG,1601425695
10,Kloulklubed,7.04,134.26,82.4,83,90,3.36,PW,1601425695
11,Vila Velha,-20.33,-40.29,81.0,83,75,8.05,BR,1601425113
12,Marzuq,14.4,46.47,74.88,51,29,4.99,YE,1601425353
13,Mandurah,-32.55,115.7,64.0,75,82,7.2,AU,1601425529
14,Hilo,19.73,-155.09,84.2,70,1,11.41,US,1601425212
15,Castro,-24.79,-50.01,65.19,93,24,3.8,BR,1601425266
16,Qaanaaq,77.48,-69.36,14.29,79,0,6.24,GL,1601425228
17,Rikitea,-23.12,-134.97,69.98,79,18,20.74,PF,1601425698
18,Cravo Norte,6.3,-70.2,79.5,83,89,4.43,CO,1601425698
19,Pochutla,15.74,-96.47,84.2,62,75,3.71,MX,1601425699
20,Alta Floresta,-9.88,-56.09,83.88,43,64,2.3,BR,1601425700
21,Hobart,-42.88,147.33,57.0,76,75,9.17,AU,1601425115
22,Ushuaia,-54.8,-68.3,33.8,86,75,20.8,AR,1601425218
23,Urengoy,65.97,78.37,32.94,94,70,8.01,RU,1601425701
24,Atuona,-9.8,-139.03,78.73,71,11,17.13,PF,1601425231
25,Albany,42.6,-73.97,62.01,78,79,5.41,US,1601424975
26,Fairbanks,64.84,-147.72,55.0,54,1,3.96,US,1601425193
27,Punta Arenas,-53.15,-70.92,33.8,86,40,26.4,CL,1601425456
28,Hvide Sande,56.0,8.13,55.0,79,86,9.64,DK,1601425703
29,Chokurdakh,70.63,147.92,41.41,81,96,7.11,RU,1601425244
30,Kisangani,0.52,25.2,70.88,98,100,1.32,CD,1601425704
31,Sitka,57.05,-135.33,53.6,81,90,8.05,US,1601425299
32,Chimoré,-16.98,-65.13,78.8,60,20,1.88,BO,1601425705
33,Kudahuvadhoo,2.67,72.89,82.49,75,100,9.13,MV,1601425392
34,Kargasok,59.06,80.86,35.13,87,100,7.52,RU,1601425706
35,Nuuk,64.18,-51.72,30.2,68,0,10.29,GL,1601425652
36,Huarmey,-10.07,-78.15,62.67,82,40,7.0,PE,1601425707
37,Cape Town,-33.93,18.42,55.0,76,3,10.29,ZA,1601425230
38,Abalak,58.13,68.59,37.8,79,66,5.91,RU,1601425707
39,Yate,51.54,-2.42,54.0,87,94,1.01,GB,1601425708
40,Luangwa,-15.62,30.42,78.98,44,1,3.51,ZM,1601425708
41,Lalibela,12.03,39.03,55.8,72,96,4.12,ET,1601425709
42,Saint Paul Harbor,57.79,-152.41,50.0,81,90,31.09,US,1601425215
43,Santiago del Estero,-27.8,-64.26,77.63,33,0,7.47,AR,1601425710
44,Port Alfred,-33.59,26.89,55.51,75,51,7.63,ZA,1601425246
45,Hermanus,-34.42,19.23,46.99,92,6,4.88,ZA,1601425161
46,Ilulissat,69.22,-51.1,28.4,63,58,5.82,GL,1601425149
47,Laguna,38.42,-121.42,99.0,19,1,4.81,US,1601425389
48,Sergeevka,53.88,67.42,41.13,73,13,0.6,KZ,1601425712
49,Manaure,11.78,-72.44,86.0,84,40,6.93,CO,1601425712
50,Horishni Plavni,49.01,33.65,63.82,53,97,12.53,UA,1601425713
51,Luang Prabang,19.89,102.13,77.0,94,90,6.93,LA,1601425713
52,Haines Junction,60.75,-137.51,46.35,56,88,2.06,CA,1601425409
53,Dikson,73.51,80.55,35.51,82,100,15.46,RU,1601425238
54,Nobres,-14.72,-56.33,91.2,22,84,2.62,BR,1601425636
55,San Cristobal,7.77,-72.22,86.0,45,40,17.22,VE,1601425327
56,Provideniya,64.38,-173.3,44.6,70,90,4.47,RU,1601425521
57,Vila Franca do Campo,37.72,-25.43,66.2,68,20,11.41,PT,1601425311
58,Tiksi,71.69,128.87,34.36,96,100,15.66,RU,1601425263
59,Beloha,-25.17,45.05,66.4,93,20,7.09,MG,1601425255
60,Northam,51.03,-4.22,51.01,93,71,7.0,GB,1601425514
61,Khatanga,71.97,102.5,30.74,99,100,11.97,RU,1601425343
62,Namsos,64.47,11.5,55.99,78,92,15.01,NO,1601425718
63,Tiznit Province,29.58,-9.5,69.28,67,0,1.52,MA,1601425719
64,Dalvik,65.97,-18.53,33.8,80,90,6.58,IS,1601425719
65,Barber,12.28,-69.07,84.2,74,20,20.8,CW,1601425719
66,New Norfolk,-42.78,147.06,57.0,69,99,1.01,AU,1601425234
67,Mataura,-46.19,168.86,46.99,92,100,8.01,NZ,1601424994
68,Moranbah,-22.0,148.05,75.51,40,0,17.05,AU,1601425465
69,Bandarbeyla,9.49,50.81,77.76,79,57,19.66,SO,1601425345
70,Caravelas,-17.71,-39.25,74.5,84,0,7.49,BR,1601425423
71,Ayan,56.45,138.17,48.43,65,63,9.95,RU,1601425722
72,Marawi,8.0,124.29,77.0,82,62,5.01,PH,1601425723
73,Forsytheganj,52.63,29.73,55.89,66,96,10.65,BY,1601425240
74,Semenyih,2.95,101.84,80.01,94,20,3.27,MY,1601425724
75,Barrow,71.29,-156.79,33.8,80,90,10.29,US,1601425283
76,Tommot,58.96,126.29,44.2,83,99,2.93,RU,1601425725
77,Pokhara,28.23,83.98,67.28,61,0,3.58,NP,1601425725
78,Busselton,-33.65,115.33,59.0,92,66,3.0,AU,1601425726
79,Kyren,51.68,102.14,37.53,78,99,0.96,RU,1601425727
80,Saint George,37.1,-113.58,89.6,7,1,3.69,US,1601425223
81,Carnarvon,-24.87,113.63,62.6,72,0,16.11,AU,1601425208
82,Saldanha,-33.01,17.94,50.0,81,0,6.93,ZA,1601425248
83,Ladário,-19.0,-57.6,88.3,33,30,1.61,BR,1601425729
84,Cefalù,38.04,14.02,66.0,82,66,1.99,IT,1601425730
85,Suoyarvi,62.08,32.35,49.59,94,100,0.89,RU,1601425730
86,Magadan,59.57,150.8,44.58,81,100,3.04,RU,1601425731
87,Katsuura,35.13,140.3,71.01,52,53,14.99,JP,1601425276
88,Laas,46.62,10.7,46.4,87,5,6.93,IT,1601425466
89,Beringovskiy,63.05,179.32,44.13,65,36,1.83,RU,1601425377
90,La Ronge,55.1,-105.28,55.4,47,75,13.87,CA,1601425472
91,Vostok,46.49,135.88,49.96,78,0,1.86,RU,1601425235
92,Saint-Pierre,-21.34,55.48,68.0,72,27,5.82,RE,1601425734
93,Lishui,28.46,119.91,68.86,84,74,1.16,CN,1601425734
94,Bredasdorp,-34.53,20.04,50.0,81,1,1.12,ZA,1601425264
95,Bambous Virieux,-20.34,57.76,71.6,88,75,6.93,MU,1601425260
96,Burnie,-41.07,145.92,55.99,88,100,5.01,AU,1601425736
97,Jamestown,42.1,-79.24,60.01,81,90,6.93,US,1601425231
98,Etzatlán,20.77,-104.08,80.01,56,45,3.18,MX,1601425737
99,Taupo,-38.68,176.08,50.36,54,65,10.45,NZ,1601425737
100,Kubachi,42.09,47.6,41.58,82,57,3.67,RU,1601425738
101,Senneterre,48.38,-77.23,53.6,76,75,6.93,CA,1601425738
102,Salta,-24.79,-65.41,68.0,34,0,5.82,AR,1601425739
103,Piet Retief,-27.01,30.81,51.26,94,99,5.1,ZA,1601425739
104,Jalu,29.03,21.55,80.78,38,0,10.0,LY,1601425410
105,Poum,-20.23,164.02,70.75,66,3,8.28,NC,1601425384
106,Codrington,-38.27,141.97,57.29,88,100,15.35,AU,1601425342
107,Puerto Ayora,-0.74,-90.35,68.0,89,83,5.99,EC,1601425248
108,Lagoa,39.05,-27.98,66.49,67,54,8.23,PT,1601425487
109,Hithadhoo,-0.6,73.08,83.08,74,83,8.97,MV,1601425222
110,Mahébourg,-20.41,57.7,71.6,88,75,6.93,MU,1601425292
111,Pangkalanbuun,-2.68,111.62,78.58,85,6,3.65,ID,1601425743
112,Katobu,-4.94,122.53,82.9,69,42,4.59,ID,1601425743
113,Varna,43.22,27.92,59.0,67,85,18.34,BG,1601425744
114,Hofn,64.25,-15.21,48.0,95,100,17.92,IS,1601425744
115,Bluff,-46.6,168.33,46.99,93,99,8.99,NZ,1601425216
116,Galesong,-5.32,119.37,82.4,74,20,1.12,ID,1601425745
117,Nālūt,30.33,10.85,73.11,56,0,10.76,LY,1601425746
118,Yellowknife,62.46,-114.35,43.0,87,75,12.75,CA,1601425223
119,Pisco,-13.7,-76.22,64.4,77,5,19.46,PE,1601425298
120,Nyurba,63.28,118.33,29.41,92,68,4.5,RU,1601425747
121,Torbay,47.67,-52.73,66.0,93,90,19.46,CA,1601425297
122,Aklavik,68.22,-135.01,39.2,86,75,2.24,CA,1601425748
123,Goderich,43.75,-81.72,60.01,68,100,1.01,CA,1601425418
124,Tchibanga,-2.85,11.03,70.07,85,55,2.62,GA,1601425749
125,Talcahuano,-36.72,-73.12,53.6,87,90,10.29,CL,1601425322
126,Butaritari,3.07,172.79,82.33,75,39,13.67,KI,1601425242
127,San Miguel,13.48,-88.18,86.0,84,20,2.24,SV,1601425214
128,Matola,-25.96,32.46,66.2,88,75,12.75,MZ,1601425751
129,Broome,42.25,-75.83,55.99,100,90,4.7,US,1601425364
130,Uşak Province,38.5,29.42,66.0,60,0,7.0,TR,1601425652
131,Cabo San Lucas,22.89,-109.91,91.0,58,5,6.93,MX,1601425542
132,North Bend,43.41,-124.22,77.0,53,90,5.39,US,1601425462
133,Opunake,-39.46,173.86,55.99,55,65,13.0,NZ,1601425753
134,Macusani,-14.08,-70.43,38.26,77,96,4.16,PE,1601425754
135,Olafsvik,64.89,-23.71,40.62,83,83,9.95,IS,1601425529
136,Florida,28.75,-82.5,73.99,83,90,6.93,US,1601425755
137,Inhambane,-23.86,35.38,73.24,84,72,4.34,MZ,1601425755
138,Dubbo,-32.25,148.62,59.0,77,40,16.11,AU,1601425756
139,Peniche,39.36,-9.38,61.0,90,100,3.0,PT,1601425630
140,San Juan,-31.54,-68.54,70.14,16,0,7.63,AR,1601425401
141,Dudinka,69.41,86.18,32.0,94,100,13.42,RU,1601425514
142,Upernavik,72.79,-56.15,23.41,87,60,6.87,GL,1601425232
143,Khani,41.96,42.96,69.8,46,100,33.33,GE,1601425758
144,Naze,28.37,129.48,77.0,83,75,10.29,JP,1601425758
145,Provincia di Lecce,40.22,18.17,57.2,100,5,1.12,IT,1601425759
146,Harper,4.38,-7.72,76.69,90,58,9.86,LR,1601425440
147,Iqaluit,63.75,-68.51,26.6,68,40,9.17,CA,1601425264
148,Norman Wells,65.28,-126.83,44.6,65,75,9.17,CA,1601425331
149,Thompson,55.74,-97.86,50.0,76,75,4.7,CA,1601425309
150,Leshukonskoye,64.9,45.76,44.08,96,51,4.79,RU,1601425506
151,Marsá Maţrūḩ,31.35,27.25,75.2,88,0,6.93,EG,1601425761
152,Maumere,-8.62,122.21,82.51,70,92,6.6,ID,1601425761
153,Alamosa,37.47,-105.87,69.8,14,1,6.93,US,1601425762
154,Portland,45.52,-122.68,87.01,32,20,1.95,US,1601425535
155,Comodoro Rivadavia,-45.87,-67.5,37.4,100,92,6.69,AR,1601425616
156,Preobrazheniye,42.9,133.91,58.73,55,100,4.32,RU,1601425764
157,Kavaratti,10.57,72.64,80.44,81,100,12.37,IN,1601425764
158,Visby,57.64,18.3,41.0,93,0,3.36,SE,1601425357
159,Ostrovnoy,68.05,39.51,46.06,79,0,18.88,RU,1601425765
160,Nelson Bay,-32.72,152.15,68.0,59,100,6.93,AU,1601425484
161,Luanda,-8.84,13.23,73.4,83,75,2.24,AO,1601425767
162,Licheng,23.3,113.83,86.0,88,75,6.71,CN,1601425767
163,Diu,20.71,70.98,76.35,83,8,9.04,IN,1601425768
164,Coyhaique,-45.58,-72.07,39.2,51,20,5.82,CL,1601425481
165,Baykit,61.67,96.37,28.44,94,78,3.49,RU,1601425769
166,Mâncio Lima,-7.61,-72.9,73.63,96,89,1.32,BR,1601425770
167,Lebu,-37.62,-73.65,48.83,85,66,17.69,CL,1601425285
168,Alofi,-19.06,-169.92,82.4,69,75,18.34,NU,1601425278
169,Gorontalo,0.54,123.06,82.17,74,59,0.65,ID,1601425771
170,Rāwah,34.48,41.91,72.86,28,14,3.24,IQ,1601425772
171,Kuytun,54.34,101.5,33.37,92,100,14.27,RU,1601425772
172,Kieta,-6.22,155.63,85.75,63,90,4.83,PG,1601425773
173,Kondinskoye,59.65,67.41,41.61,95,91,9.01,RU,1601425773
174,Yukon,35.51,-97.76,75.2,23,36,3.36,US,1601425476
175,Gryazovets,58.88,40.25,48.85,74,100,7.23,RU,1601425774
176,Bengkulu,-3.8,102.27,76.23,83,94,6.58,ID,1601425211
177,Sechelt,49.47,-123.77,72.0,69,0,2.8,CA,1601425775
178,Kahului,20.89,-156.47,87.8,58,20,13.87,US,1601425475
179,Galich,58.38,42.35,47.08,83,100,5.99,RU,1601425776
180,Sibolga,1.74,98.78,77.05,72,35,3.42,ID,1601425551
181,Alliston,44.15,-79.87,55.99,87,20,2.24,CA,1601425778
182,Tuktoyaktuk,69.45,-133.04,37.4,93,90,2.24,CA,1601425237
183,Grand Gaube,-20.01,57.66,70.0,85,90,3.0,MU,1601425779
184,Mékhé,15.11,-16.62,82.4,88,0,8.79,SN,1601425780
185,Byron Bay,-28.65,153.62,69.01,49,99,9.17,AU,1601425780
186,Longyearbyen,78.22,15.64,44.6,75,75,19.46,SJ,1601425321
187,Ribeira Grande,38.52,-28.7,66.74,69,1,11.45,PT,1601425229
188,Arraial do Cabo,-22.97,-42.03,75.2,88,75,5.82,BR,1601425382
189,Port-Gentil,-0.72,8.78,77.0,88,40,8.05,GA,1601425365
190,Jacareacanga,-6.22,-57.75,79.95,61,75,0.72,BR,1601425522
191,Rancho Palos Verdes,33.74,-118.39,81.0,51,5,14.99,US,1601425783
192,Berlin,52.52,13.41,55.99,93,48,2.93,DE,1601425748
193,Tonaya,19.78,-103.97,78.8,78,75,11.41,MX,1601425786
194,Port Lincoln,-34.73,135.87,60.87,72,93,20.13,AU,1601425468
195,Prince Rupert,54.32,-130.32,60.8,82,1,6.93,CA,1601425624
196,Monze,-16.28,27.48,74.46,46,63,6.35,ZM,1601425787
197,Aykhal,66.0,111.5,23.0,92,90,4.47,RU,1601425557
198,Andenes,69.31,16.12,50.0,93,95,8.05,NO,1601425789
199,Clyde River,70.47,-68.59,28.4,79,90,12.75,CA,1601425309
200,Owando,-0.48,15.9,70.48,95,45,2.73,CG,1601425792
201,Nikolskoye,59.7,30.79,52.0,87,75,4.47,RU,1601425368
202,Umred,20.85,79.33,77.0,83,75,3.36,IN,1601425794
203,Port Elizabeth,-33.92,25.57,48.2,93,7,4.7,ZA,1601425348
204,Derzhavīnsk,51.1,66.32,52.38,84,82,6.31,KZ,1601425795
205,Umm Kaddadah,13.6,26.69,86.29,52,99,16.53,SD,1601425796
206,Dhadar,28.33,75.06,81.09,26,0,6.53,IN,1601425796
207,Rawson,-43.3,-65.1,47.55,84,70,10.92,AR,1601425797
208,Kaitangata,-46.28,169.85,48.99,64,72,1.99,NZ,1601425242
209,Saskylakh,71.92,114.08,26.24,97,27,5.39,RU,1601425798
210,Severo-Kuril'sk,50.68,156.12,54.57,72,88,9.44,RU,1601425240
211,Santa Cruz de la Sierra,-17.8,-63.17,77.0,65,11,10.29,BO,1601425664
212,General Cepeda,25.38,-101.45,68.0,56,40,11.41,MX,1601425799
213,Wairoa,-39.03,177.37,55.38,43,50,5.37,NZ,1601425800
214,Bekes,46.75,21.0,51.01,91,32,3.0,HU,1601425800
215,Westport,41.14,-73.36,71.6,94,90,3.36,US,1601425800
216,Anadyr,64.75,177.48,44.6,75,20,6.71,RU,1601425284
217,Mar del Plata,-38.0,-57.56,64.4,59,50,8.05,AR,1601425025
218,Pilar,-9.6,-35.96,71.6,88,62,3.36,BR,1601425802
219,Ternate,0.8,127.4,79.68,80,97,2.3,ID,1601425803
220,Mundo Nuevo (Ojo de Agua),18.7,-95.5,77.2,67,100,38.61,MX,1601425803
221,Buanoy,10.47,123.7,86.0,74,40,2.24,PH,1601425804
222,Los Llanos de Aridane,28.66,-17.92,73.4,73,20,11.41,ES,1601425484
223,George Town,5.41,100.34,80.6,88,20,2.24,MY,1601425222
224,Fernie,49.5,-115.07,75.2,32,75,8.05,CA,1601425806
225,Ahipara,-35.17,173.17,57.88,53,63,9.89,NZ,1601425412
226,Varzelândia,-15.7,-44.03,80.13,28,0,8.77,BR,1601425808
227,Mangai,-4.05,19.53,69.62,95,90,1.68,CD,1601425808
228,Fort Collins,40.59,-105.08,77.0,19,1,6.93,US,1601425560
229,Tasiilaq,65.61,-37.64,32.0,92,100,3.36,GL,1601425276
230,Kruisfontein,-34.0,24.73,46.62,84,0,5.48,ZA,1601425220
231,Chern',53.45,36.91,54.84,40,100,13.49,RU,1601425810
232,Kavieng,-2.57,150.8,84.25,68,62,5.39,PG,1601425245
233,Hīt,33.64,42.83,77.56,23,0,7.85,IQ,1601425811
234,Sembakung,3.82,117.25,83.53,70,89,2.42,ID,1601425812
235,Ararat,39.83,44.7,60.8,48,0,4.7,AM,1601425560
236,Kununurra,-15.77,128.73,91.4,46,40,4.7,AU,1601425813
237,Majene,-3.54,118.97,81.19,73,66,7.52,ID,1601425314
238,Nishihara,26.18,127.76,80.6,88,75,9.17,JP,1601425814
239,Lac du Bonnet,50.25,-96.06,57.0,99,0,3.36,CA,1601425815
240,La Romana,18.43,-68.97,75.2,94,75,4.7,DO,1601425815
241,Evensk,61.95,159.23,41.63,89,100,6.82,RU,1601425816
242,Leningradskiy,69.38,178.42,37.85,76,89,7.11,RU,1601425295
243,Hamilton,39.18,-84.53,54.0,87,75,4.7,US,1601425088
244,Kivsharivka,49.62,37.7,58.53,37,90,18.88,UA,1601425817
245,San Luis,-33.3,-66.34,65.93,32,0,13.15,AR,1601425818
246,Hal Gharghur,35.92,14.45,70.0,88,20,5.82,MT,1601425818
247,Ligayan,4.65,119.47,83.17,71,42,4.29,PH,1601425819
248,Mehamn,71.04,27.85,49.01,84,31,10.36,NO,1601425820
249,Dibulla,11.27,-73.31,86.0,84,40,6.93,CO,1601425821
250,Picota,-6.92,-76.33,72.7,90,99,1.77,PE,1601425821
251,Yulara,-25.24,130.99,69.8,56,0,13.87,AU,1601425296
252,Fukuechō,32.69,128.84,73.4,73,40,10.29,JP,1601425822
253,Hasaki,35.73,140.83,69.01,72,20,11.41,JP,1601425262
254,Boa Vista,2.82,-60.67,87.8,48,20,9.17,BR,1601425823
255,Szank,46.56,19.66,52.0,87,31,11.41,HU,1601425823
256,Ogden,41.22,-111.97,73.4,16,1,5.82,US,1601425824
257,Saint-Philippe,-21.36,55.77,68.0,72,45,5.82,RE,1601425311
258,Alekseyevka,50.63,38.69,56.25,38,95,14.56,RU,1601425825
259,Batticaloa,7.71,81.69,79.59,78,100,2.3,LK,1601425826
260,Karratha,-20.74,116.85,88.38,14,0,17.65,AU,1601425826
261,Nebbi,2.48,31.09,65.14,85,79,7.25,UG,1601425827
262,Vuktyl,63.86,57.31,42.66,94,34,4.79,RU,1601425827
263,São João da Barra,-21.64,-41.05,73.74,90,75,5.46,BR,1601425828
264,Camargo,27.67,-105.17,69.64,25,0,5.3,MX,1601425828
265,Lorengau,-2.02,147.27,85.14,70,66,9.82,PG,1601425241
266,Dembī Dolo,8.53,34.8,56.71,100,100,0.94,ET,1601425829
267,Kautokeino,69.01,23.04,40.46,94,56,7.25,NO,1601425830
268,Dingle,11.0,122.67,80.04,81,100,1.95,PH,1601425349
269,Panlaitan,12.12,119.85,84.2,72,100,6.26,PH,1601425830
270,Guerrero Negro,27.98,-114.06,89.06,31,0,12.73,MX,1601425240
271,Quimper,48.0,-4.1,51.8,100,90,2.21,FR,1601425831
272,Provincie Utrecht,52.0,5.25,57.99,92,2,7.23,NL,1601425832
273,Greeneville,36.16,-82.83,54.0,93,90,4.7,US,1601425694
274,Mahibadhoo,3.78,72.97,82.15,76,100,8.48,MV,1601425833
275,Alyangula,-13.85,136.42,87.8,55,75,14.99,AU,1601425462
276,Namatanai,-3.67,152.43,85.21,69,100,3.15,PG,1601425834
277,Arrondissement de Vierzon,47.21,2.06,57.2,93,90,4.36,FR,1601425834
278,Kubanskiy,45.93,40.58,57.94,61,100,21.41,RU,1601425835
279,Esfarāyen,37.08,57.51,39.2,41,0,1.9,IR,1601425835
280,Taoudenni,22.68,-3.98,95.09,10,0,8.57,ML,1601425457
281,Mackay,-21.15,149.2,77.0,47,0,16.11,AU,1601425621
282,Ivankiv,50.94,29.89,59.0,72,100,8.95,UA,1601425836
283,Vestmannaeyjar,63.44,-20.27,43.56,75,67,8.23,IS,1601425361
284,Vallenar,-28.57,-70.76,55.33,62,0,0.47,CL,1601425838
285,Devils Lake,48.11,-98.87,62.6,42,1,21.92,US,1601425838
286,Manta,-0.95,-80.73,71.6,83,20,10.29,EC,1601425584
287,Hirtshals,57.59,9.96,53.01,91,1,1.99,DK,1601425839
288,Bilibino,68.05,166.44,39.7,67,97,2.44,RU,1601425270
289,Esperance,-33.87,121.9,55.4,100,26,9.17,AU,1601425273
290,Burley,42.54,-113.79,80.6,19,1,3.58,US,1601425840
291,Port Blair,11.67,92.75,81.37,81,89,18.01,IN,1601425253
292,General Roca,-39.03,-67.58,68.0,14,95,12.75,AR,1601425841
293,Kollo,13.3,2.34,84.2,74,87,9.17,NE,1601425842
294,Rāyadrug,14.7,76.87,70.32,93,100,11.59,IN,1601425843
295,Lyubashivka,47.84,30.26,54.88,92,100,5.7,UA,1601425843
296,Cherskiy,68.75,161.3,44.26,60,100,14.74,RU,1601425366
297,San Andrés,12.58,-81.7,82.4,78,75,2.24,CO,1601425701
298,Yangi Marg`ilon,40.43,71.72,55.4,54,82,2.24,UZ,1601425304
299,Luleå,65.58,22.15,44.6,100,92,1.12,SE,1601425845
300,Deputatsky,69.3,139.9,38.28,75,95,9.55,RU,1601425845
301,Constitución,-35.33,-72.42,51.66,85,100,15.17,CL,1601425274
302,San Joaquin,10.26,-67.79,76.87,76,67,4.32,VE,1601425846
303,San Quintín,30.48,-115.95,81.16,48,0,8.86,MX,1601425846
304,Mossamedes,-15.2,12.15,63.34,81,65,8.05,AO,1601425379
305,Nanga Eboko,4.68,12.37,67.87,96,100,3.36,CM,1601425848
306,Bethel,41.37,-73.41,70.0,94,90,4.7,US,1601425283
307,Otavi,-19.65,17.33,62.1,25,0,5.37,NA,1601425849
308,Shahrud,36.42,54.98,42.62,54,0,2.57,IR,1601425850
309,Castaños,26.78,-101.42,78.01,20,0,3.0,MX,1601425850
310,Cidreira,-30.18,-50.21,63.36,83,63,19.19,BR,1601425317
311,Touros,-5.2,-35.46,75.2,83,19,3.36,BR,1601425302
312,Rypefjord,70.63,23.67,50.0,87,40,6.93,NO,1601425852
313,Caculé,-14.5,-42.22,75.58,43,0,6.44,BR,1601425853
314,Arman',59.7,150.17,44.74,82,100,3.62,RU,1601425448
315,Lompoc,34.64,-120.46,70.0,82,1,14.99,US,1601425198
316,Carauari,-4.88,-66.9,73.89,97,100,2.86,BR,1601425854
317,Narsaq,60.92,-46.05,30.2,58,0,2.24,GL,1601425376
318,Moerai,-22.43,-151.33,72.36,73,100,17.34,PF,1601425855
319,Marsh Harbour,26.54,-77.06,83.5,78,0,12.33,BS,1601425855
320,Cayenne,4.93,-52.33,78.8,94,40,7.56,GF,1601425355
321,Papillion,41.15,-96.04,77.0,23,40,8.05,US,1601425856
322,Namwala,-15.75,26.44,75.11,43,100,0.87,ZM,1601425857
323,Qaqortoq,60.72,-46.03,30.2,58,0,2.24,GL,1601425857
324,Jadu,31.95,12.03,67.21,73,0,4.12,LY,1601425858
325,Río Gallegos,-51.62,-69.22,35.6,64,77,26.4,AR,1601425433
326,Rio Grande,-32.03,-52.1,61.0,80,84,13.44,BR,1601425668
327,Saint Anthony,45.02,-93.22,62.6,55,1,6.22,US,1601425296
328,Maragogi,-9.01,-35.22,74.26,79,5,9.24,BR,1601425859
329,Prainha,-1.8,-53.48,82.33,56,74,4.03,BR,1601425860
330,Hoi An,15.88,108.33,89.6,62,40,5.57,VN,1601425795
331,Te Anau,-45.42,167.72,43.09,81,39,2.55,NZ,1601425562
332,Santa Rosa del Sur,7.96,-74.05,71.69,95,100,3.58,CO,1601425861
333,Bambanglipuro,-7.95,110.28,81.36,73,65,9.73,ID,1601425862
334,Grindavik,63.84,-22.43,37.4,93,75,4.7,IS,1601425309
335,São Raimundo das Mangabeiras,-7.02,-45.48,87.62,35,96,5.12,BR,1601425863
336,East London,-33.02,27.91,58.28,68,89,2.42,ZA,1601425699
337,Bathsheba,13.22,-59.52,82.4,83,75,20.8,BB,1601425538
338,Berlevåg,70.86,29.09,50.2,83,8,10.83,NO,1601425344
339,Camacha,33.08,-16.33,69.8,68,75,10.29,PT,1601425404
340,Fort Saint James,54.43,-124.25,51.89,82,53,0.85,CA,1601425865
341,Belyy Yar,53.6,91.39,37.4,74,75,6.71,RU,1601425461
342,Sobolevo,54.43,31.9,48.0,73,37,8.7,RU,1601425467
343,Tilichiki,60.47,166.1,40.91,87,100,12.12,RU,1601425866
344,Bāglung,28.27,83.59,65.91,69,0,3.98,NP,1601425867
345,Tinskoy,56.15,96.92,29.82,96,22,3.4,RU,1601425867
346,Ancud,-41.87,-73.82,37.99,93,100,5.82,CL,1601425358
347,Lavrentiya,65.58,-171.0,37.74,76,0,1.77,RU,1601425304
348,Novy Urengoy,66.08,76.63,36.05,84,100,9.91,RU,1601425869
349,Praia,14.92,-23.51,78.8,78,20,11.41,CV,1601425869
350,Jiazi,22.88,116.07,80.98,78,67,7.47,CN,1601425870
351,Malartic,48.13,-78.13,53.6,76,75,6.93,CA,1601425871
352,Ixtapa,20.7,-105.2,87.8,70,40,8.05,MX,1601425424
353,Sulangan,11.14,123.72,83.32,71,100,4.54,PH,1601425871
354,Bereda,43.27,-7.54,53.01,100,1,1.01,ES,1601425872
355,Klaksvík,62.23,-6.59,50.0,87,27,21.92,FO,1601425400
356,Korla,41.76,86.15,48.99,90,0,4.36,CN,1601425873
357,Mariehamn,60.1,19.93,55.4,93,75,8.05,AX,1601425873
358,Porto Santo,33.07,-16.34,69.8,68,75,10.29,PT,1601425874
359,Sault Ste. Marie,46.52,-84.33,53.6,81,90,3.36,CA,1601425854
360,Christchurch,-43.53,172.63,53.6,32,0,11.41,NZ,1601425875
361,Nouadhibou,20.93,-17.03,71.6,73,0,18.34,MR,1601425555
362,Mulchén,-37.72,-72.23,47.35,94,100,8.88,CL,1601425876
363,Hervey Bay,-25.3,152.85,75.99,51,1,4.0,AU,1601425747
364,Lugovoy,42.95,72.76,46.67,49,100,2.24,KZ,1601425877
365,Bouza,14.42,6.04,84.6,58,100,13.0,NE,1601425877
366,Taft,31.75,54.21,60.8,31,75,4.7,IR,1601425878
367,Uyemskiy,64.47,40.85,42.8,93,75,4.47,RU,1601425878
368,Havøysund,71.0,24.66,50.0,87,40,6.93,NO,1601425878
369,Bhāgalpur,25.25,87.0,80.49,78,15,2.73,IN,1601425879
370,Salym,60.06,71.48,41.74,92,100,8.19,RU,1601425880
371,La Ermita,20.41,-101.99,63.34,61,0,12.01,MX,1601425880
372,Saint-François,46.42,3.91,51.01,93,79,3.36,FR,1601425281
373,Charters Towers,-20.1,146.27,78.75,41,0,12.59,AU,1601425881
374,Port Macquarie,-31.43,152.92,70.0,55,100,3.0,AU,1601425785
375,Sarkand,45.41,79.92,38.05,63,0,2.93,KZ,1601425882
376,Xichang,27.9,102.26,65.12,71,86,0.83,CN,1601425402
377,Lüderitz,-26.65,15.16,57.94,54,0,21.25,NA,1601425387
378,Pitimbu,-7.47,-34.81,73.4,88,23,5.82,BR,1601425289
379,Salalah,17.02,54.09,75.2,83,20,4.7,OM,1601425291
380,Kunming,25.04,102.72,66.0,100,90,6.71,CN,1601425827
381,Padang,-0.95,100.35,81.03,66,77,3.24,ID,1601425885
382,Palauig,15.44,119.9,83.35,72,98,2.19,PH,1601425365
383,Grand-Santi,4.25,-54.38,77.0,71,100,2.82,GF,1601425886
384,Sangar,63.92,127.47,33.85,88,45,5.64,RU,1601425886
385,Malazgirt,39.14,42.54,50.16,68,0,2.84,TR,1601425886
386,Viranşehir,37.24,39.76,75.25,23,0,7.54,TR,1601425887
387,Waipawa,-41.41,175.52,55.99,40,7,10.29,NZ,1601425887
388,Sisimiut,66.94,-53.67,31.14,92,92,2.26,GL,1601425416
389,Santarém,-2.44,-54.71,82.4,78,0,4.7,BR,1601425889
390,Talakan,50.32,130.37,50.72,61,0,2.19,RU,1601425890
391,Henties Bay,-22.12,14.28,51.01,90,0,1.99,NA,1601425890
392,Cap Malheureux,-19.98,57.61,70.0,85,92,5.01,MU,1601425492
393,Zhigansk,66.77,123.37,32.34,92,100,17.63,RU,1601425891
394,Baiyin,36.56,104.21,61.0,93,90,6.71,CN,1601425892
395,Gemena,3.25,19.77,68.49,97,100,1.28,CD,1601425892
396,Tuburan,6.64,122.27,84.2,74,20,3.36,PH,1601425893
397,Tezpur,26.63,92.8,78.53,86,0,2.93,IN,1601425893
398,Mīnāb,27.15,57.08,77.0,83,0,6.46,IR,1601425894
399,Suamico,44.63,-88.04,53.6,81,90,4.7,US,1601425895
400,Itaituba,-4.28,-55.98,78.44,67,29,2.01,BR,1601425895
401,Yining,29.04,114.56,70.25,82,50,2.19,CN,1601425896
402,Rosetown,51.55,-108.0,57.99,28,0,4.0,CA,1601425896
403,Loukhi,66.08,33.04,43.75,93,77,3.24,RU,1601425330
404,Airai,-8.93,125.41,76.08,40,100,5.97,TL,1601425898
405,Kupang,-10.17,123.58,86.0,55,20,10.29,ID,1601425833
406,Luoyang,34.68,112.45,64.0,1,18,8.84,CN,1601425804
407,Salinas,36.68,-121.66,72.0,72,1,13.87,US,1601425623
408,Wajid,3.81,43.25,73.89,71,69,18.28,SO,1601425899
409,Luwuk,-0.95,122.79,83.71,67,26,3.29,ID,1601425900
410,Nago,26.59,127.98,78.8,83,90,8.05,JP,1601425900
411,Merauke,-8.47,140.33,84.36,61,0,12.01,ID,1601425901
412,Woodstock,43.13,-80.75,55.99,76,75,3.36,CA,1601425901
413,Caraballeda,10.61,-66.85,73.99,89,83,10.51,VE,1601425902
414,Isangel,-19.55,169.27,77.0,78,75,11.41,VU,1601425902
415,Mitsamiouli,-11.38,43.28,76.33,74,1,2.66,KM,1601425903
416,Podor,16.65,-14.96,86.0,70,0,2.24,MR,1601425904
417,Bajil,15.06,43.29,86.09,68,43,5.12,YE,1601425904
418,Weligama,5.97,80.42,77.2,87,100,6.73,LK,1601425905
419,Tayu,-6.54,111.05,83.37,63,65,5.86,ID,1601425905
420,Omboué,-1.57,9.26,74.19,80,100,5.77,GA,1601425906
421,Pervomayskoye,43.92,46.71,62.26,49,99,22.46,RU,1601425883
422,Pudozh,61.81,36.53,48.04,93,99,3.15,RU,1601425907
423,Juba,4.85,31.58,70.36,92,100,1.9,SS,1601425907
424,Faanui,-16.48,-151.75,78.49,79,39,23.31,PF,1601425908
425,Paso de los Toros,-32.82,-56.52,54.03,90,0,8.59,UY,1601425909
426,San Julián,21.02,-102.17,58.14,68,15,10.25,MX,1601425909
427,Eureka,40.8,-124.16,66.2,93,90,3.36,US,1601425667
428,Lata,40.16,-8.33,64.0,87,76,1.01,PT,1601425442
429,Bhuban,20.88,85.83,78.33,90,100,3.09,IN,1601425912
430,Hambantota,6.12,81.12,75.2,100,40,5.82,LK,1601425913
431,Whitecourt,54.15,-115.69,57.2,26,20,14.99,CA,1601425913
432,Manitouwadge,49.12,-85.84,47.39,96,100,2.35,CA,1601425914
433,Liberta,17.03,-61.78,84.2,74,75,12.75,AG,1601425914
434,Colesberg,-30.72,25.1,42.76,55,0,7.72,ZA,1601425915
435,Tigil',57.8,158.67,49.33,71,100,9.55,RU,1601425916
436,Chapais,49.78,-74.85,53.6,76,90,6.93,CA,1601425422
437,Mil'kovo,54.72,158.62,46.33,84,100,2.1,RU,1601425917
438,Kinwat,19.63,78.2,72.91,84,46,3.67,IN,1601425918
439,Liverpool,53.41,-2.98,52.0,93,20,10.29,GB,1601425627
440,Palm Springs,33.83,-116.55,106.0,6,1,2.48,US,1601425805
441,Tautira,-17.73,-149.15,87.8,62,40,11.41,PF,1601425477
442,Estelle,29.85,-90.11,73.99,43,20,5.82,US,1601425919
443,São Filipe,14.9,-24.5,79.68,74,10,9.4,CV,1601425441
444,Pevek,69.7,170.31,38.53,76,100,20.27,RU,1601425685
445,Saint-Joseph,-21.37,55.62,68.0,72,23,5.82,RE,1601425920
446,Alanya,36.54,32.0,68.0,77,0,4.7,TR,1601425921
447,Paamiut,61.99,-49.67,33.51,76,0,10.4,GL,1601425445
448,Bemidji,47.47,-94.88,55.4,58,1,8.05,US,1601425922
449,Tuatapere,-46.13,167.68,46.99,93,94,8.99,NZ,1601425482
450,Bowen,-20.02,148.23,77.0,44,75,17.22,AU,1601425923
451,Maceió,-9.67,-35.74,71.6,88,27,3.36,BR,1601425507
452,Longkou,37.65,120.33,65.75,55,0,17.47,CN,1601425924
453,Quatre Cocos,-20.21,57.76,71.6,88,75,6.93,MU,1601425335
454,Apatity,67.56,33.4,43.41,87,89,3.0,RU,1601425925
455,Ponta do Sol,32.67,-17.1,69.8,73,75,13.87,PT,1601425925
456,Nichlaul,27.32,83.73,76.19,84,0,2.06,IN,1601425926
457,Rørvik,64.86,11.24,55.45,81,100,8.97,NO,1601425926
458,Waingapu,-9.66,120.26,85.82,57,100,12.35,ID,1601425927
459,Fortuna,40.6,-124.16,66.2,68,1,11.41,US,1601425927
460,Livingston,55.9,-3.52,48.0,87,96,1.12,GB,1601425928
461,Alto Araguaia,-17.31,-53.22,82.76,22,1,3.2,BR,1601425929
462,Acaraú,-2.89,-40.12,77.94,81,0,17.45,BR,1601425929
463,Katherine,-14.47,132.27,87.8,52,40,6.93,AU,1601425930
464,Qasigiannguit,68.82,-51.19,28.4,63,91,5.82,GL,1601425930
465,Dicamay,16.76,122.0,84.09,73,92,2.37,PH,1601425931
466,Nanortalik,60.14,-45.24,35.24,78,0,19.46,GL,1601425931
467,Nexø,55.06,15.13,53.6,93,23,3.36,DK,1601425932
468,Afuá,-0.16,-50.39,79.12,81,81,7.9,BR,1601425932
469,Springfield,37.22,-93.3,64.99,39,1,8.05,US,1601425793
470,Faya,18.39,42.45,62.6,51,0,0.36,SA,1601425933
471,Sławno,54.36,16.68,52.5,91,68,3.42,PL,1601425934
472,Maltahöhe,-24.83,16.98,49.08,36,0,7.83,NA,1601425934
473,Kapoeta,4.77,33.59,72.32,87,100,9.78,SS,1601425935
474,Praia da Vitória,38.73,-27.07,66.2,72,75,8.37,PT,1601425276
475,Gaza,31.5,34.47,77.0,88,0,4.7,PS,1601425936
476,Zhuhai,22.28,113.57,82.4,88,20,4.7,CN,1601425936
477,Vitry-le-François,48.73,4.58,59.0,93,90,3.36,FR,1601425937
478,Gogrial,8.53,28.1,74.26,83,100,3.65,SS,1601425938
479,Souillac,-20.52,57.52,71.6,88,75,6.93,MU,1601425938
480,Houma,29.6,-90.72,70.0,46,1,4.7,US,1601425939
481,Buta,2.79,24.73,68.85,98,100,2.08,CD,1601425940
482,Caucayá,-0.19,-74.78,70.66,98,100,3.87,CO,1601425940
483,Seoul,37.57,126.98,68.0,72,69,2.59,KR,1601425941
484,Kuznechnoye,61.12,29.87,50.0,94,74,4.18,RU,1601425941
485,West Wendover,40.74,-114.07,73.4,16,1,6.93,US,1601425748
486,Tutóia,-2.76,-42.27,79.43,80,69,13.15,BR,1601425942
487,Lima,-12.04,-77.03,62.6,77,40,16.11,PE,1601425684
488,Safford,32.83,-109.71,87.8,14,1,9.17,US,1601425925
489,Tequisquiapan,20.52,-99.87,59.0,54,75,14.99,MX,1601425943
490,Vanimo,-2.67,141.3,84.92,68,91,5.68,PG,1601425515
491,Hinckley,52.54,-1.38,50.0,87,100,3.36,GB,1601425944
492,Bulakamba,-6.87,108.96,82.62,66,0,7.2,ID,1601425944
493,Najrān,17.49,44.13,71.6,26,0,4.7,SA,1601425945
494,Barguzin,53.62,109.62,43.59,70,98,3.89,RU,1601425945
495,Manuk Mangkaw,4.8,119.85,83.21,72,98,5.46,PH,1601425946
496,Ust-Nera,64.57,143.2,42.93,60,46,8.55,RU,1601425930
497,Gävle,60.67,17.14,53.01,97,99,1.23,SE,1601425947
498,Cap-aux-Meules,47.38,-61.86,64.4,88,20,21.92,CA,1601425802
499,Rome,43.21,-75.46,55.4,93,90,1.3,US,1601425452
500,São Miguel do Araguaia,-13.28,-50.16,87.66,18,0,0.87,BR,1601425948
501,Selfoss,63.93,-21.0,34.0,98,0,1.01,IS,1601425948
502,Storforshei,66.4,14.52,49.71,76,81,4.0,NO,1601425949
503,Mae Sai,20.43,99.88,75.2,100,75,4.7,TH,1601425950
504,Shizunai-furukawachō,42.33,142.37,63.82,72,100,8.66,JP,1601425951
505,Lanxi,29.22,119.48,72.05,80,23,0.31,CN,1601425899
506,Gamba,-2.65,10.0,74.16,77,100,3.87,GA,1601425952
507,Freeport,40.66,-73.58,71.01,100,90,9.17,US,1601425268
508,College,64.86,-147.8,55.4,50,40,5.82,US,1601425953
509,Novospasskoye,53.15,47.75,49.44,73,98,4.18,RU,1601425953
510,Marsabit,2.33,37.99,62.6,92,80,16.73,KE,1601425954
511,Vanavara,60.34,102.28,26.58,95,0,3.94,RU,1601425536
512,Arrondissement de Mont-de-Marsan,44.0,-0.67,46.4,93,0,2.24,FR,1601425955
513,Paka,4.64,103.44,78.8,94,40,4.23,MY,1601425955
514,Vardø,70.37,31.11,50.05,82,0,5.95,NO,1601425956
515,Lakes Entrance,-37.88,147.98,60.01,75,100,6.6,AU,1601425956
516,Aras,42.56,-2.36,53.01,81,4,2.19,ES,1601425957
517,Santa Cecília,-26.96,-50.43,57.4,100,41,4.65,BR,1601425957
518,Russell,32.35,-85.2,62.6,93,40,2.91,US,1601425538
519,Adrar,20.5,-10.07,91.92,18,0,8.72,MR,1601425504
520,Duvan,55.7,57.9,45.75,90,71,0.54,RU,1601425959
521,Dunedin,-45.87,170.5,48.99,63,88,21.0,NZ,1601425684
522,Pemangkat,1.17,108.97,80.17,78,73,5.57,ID,1601425960
523,Yar-Sale,66.83,70.83,40.53,83,99,3.98,RU,1601425385
524,Songea,-10.68,35.65,60.44,82,62,3.6,TZ,1601425961
525,Sorong,-0.88,131.25,77.68,82,100,4.05,ID,1601425558
526,Jumla,29.27,82.18,54.55,56,0,4.25,NP,1601425962
527,Deep River,46.1,-77.5,57.99,87,20,2.24,CA,1601425962
528,Tarrafal,15.28,-23.77,78.8,78,20,11.41,CV,1601425963
529,Lluta,-16.01,-72.01,46.69,55,92,1.9,PE,1601425963
530,Ifanadiana,-21.3,47.63,60.24,77,0,2.46,MG,1601425964
531,King City,36.21,-121.13,99.0,18,0,5.01,US,1601425749
532,Brighton,50.83,-0.14,57.99,90,29,1.01,GB,1601425768
533,Ponta Delgada,37.73,-25.67,66.2,68,20,11.41,PT,1601425966
534,Mangan,27.52,88.53,74.46,47,93,2.53,IN,1601425966
535,Alice Springs,-23.7,133.88,71.6,46,0,14.99,AU,1601425397
536,Thai Binh,20.45,106.33,84.2,83,20,3.36,VN,1601425967
537,Balasheyka,53.28,48.09,49.44,75,100,5.03,RU,1601425968
538,Lerwick,60.15,-1.15,51.8,81,6,13.87,GB,1601425720
539,Sur,22.57,59.53,81.39,48,0,8.14,OM,1601425408
540,Muros,42.78,-9.06,54.0,86,7,1.01,ES,1601425970
541,Semey,50.41,80.23,28.4,92,0,8.95,KZ,1601425971
542,Kang,-23.68,22.79,54.59,26,0,8.97,BW,1601425972
543,Broken Hill,-31.95,141.43,60.8,72,40,13.87,AU,1601425973
544,Bestöbe,52.5,73.1,34.95,83,0,3.2,KZ,1601425974
545,Bagdarin,54.43,113.6,40.84,69,80,0.67,RU,1601425974
546,Qandala,11.47,49.87,82.94,62,1,2.46,SO,1601425975
547,Vysokovsk,56.32,36.55,46.4,65,95,6.71,RU,1601425975
548,Turukhansk,65.82,87.98,33.98,97,100,10.13,RU,1601425976
549,Oberá,-27.49,-55.12,70.32,67,0,2.33,AR,1601425876
550,Eyl,7.98,49.82,77.22,80,96,15.01,SO,1601425977
551,Vila,42.03,-8.16,54.0,89,0,0.49,PT,1601425977
552,St. George's,12.06,-61.75,80.6,88,20,9.17,GD,1601425881
553,Abhā,18.22,42.51,62.6,51,0,0.67,SA,1601425978
554,Maniitsoq,65.42,-52.9,29.05,88,34,7.96,GL,1601425403
555,Ust-Tsilma,65.44,52.15,43.32,93,0,4.61,RU,1601425980
556,Jackson,42.42,-122.83,98.01,9,1,5.82,US,1601425783
557,Plettenberg Bay,-34.05,23.37,51.19,75,0,4.23,ZA,1601425981
558,Neiafu,-18.65,-173.98,82.4,78,40,12.75,TO,1601425981
559,Parangan,5.08,119.94,83.23,71,100,3.22,PH,1601425982
560,Mayo,38.89,-76.51,73.99,100,90,6.93,US,1601425982
